2047
3014
3707
3926
3612
2852
1863
927
310
187
593
1413
2415
3311
3847
3873
3378
2504
1501
653
202
276
854
1771
2767
3558
3919
3748
3093
2140
1160
434
166
434
1160
2140
3093
3748
3919
3558
2767
1771
854
276
202
653
1501
2504
3378
3873
3847
3311
2415
1413
593
187
310
927
1863
2852
3612
3926
3707
3014
2047
1081
388
169
483
1243
2232
3168
3785
3908
3502
2682
1680
784
248
222
717
1591
2594
3442
3893
3819
3241
2324
1328
537
176
347
1002
1955
2935
3661
3929
3661
2935
1955
1002
347
176
537
1328
2324
3241
3819
3893
3442
2594
1591
717
222
248
784
1680
2682
3502
3908
3785
3168
2232
1243
483
169
388
1081
