64
66
70
74
77
80
84
88
91
94
98
101
105
108
112
115
118
122
125
128
132
135
139
142
146
149
152
156
160
163
166
170
173
177
180
184
187
190
193
197
200
204
207
210
214
217
221
224
228
231
235
238
242
245
248
252
256
258
262
265
269
272
276
279
283
286
290
293
296
300
304
307
310
314
317
320
323
327
330
334
337
341
344
348
351
354
358
361
365
368
372
376
379
382
385
388
392
395
399
402
406
409
412
416
420
423
426
430
433
437
440
444
447
450
453
457
460
464
467
470
474
477
481
484
488
491
495
498
502
505
508
512
515
518
522
525
529
532
536
539
543
546
550
553
556
560
564
567
570
574
576
580
584
587
590
594
597
601
604
608
611
614
618
621
625
628
632
635
639
641
645
648
652
656
659
662
666
669
673
676
680
683
686
690
693
697
700
704
706
710
713
717
720
724
727
731
734
737
741
744
748
751
755
758
762
765
768
772
775
778
782
785
789
792
796
799
803
806
810
813
816
820
824
827
830
833
836
840
843
847
850
854
857
860
864
868
871
874
878
881
885
888
892
895
898
901
905
908
912
915
919
922
925
929
932
936
939
943
946
950
953
957
960
963
966
970
973
976
980
983
987
990
994
997
1001
1004
1008
1011
1014
1018
1021
1025
1028
1032
1035
1038
1042
1045
1049
1052
1056
1059
1063
1066
1070
1073
1076
1080
1083
1087
1089
1093
1096
1100
1103
1107
1110
1114
1117
1121
1124
1128
1131
1134
1138
1141
1145
1148
1152
1154
1158
1161
1165
1168
1172
1175
1179
1182
1186
1189
1192
1196
1199
1203
1206
1210
1213
1216
1219
1223
1226
1230
1233
1236
1240
1243
1247
1250
1254
1257
1261
1264
1268
1271
1274
1278
1281
1284
1288
1291
1295
1298
1302
1305
1309
1312
1316
1319
1322
1326
1329
1333
1336
1340
1343
1346
1349
1353
1356
1360
1363
1366
1370
1373
1377
1380
1384
1387
1391
1394
1398
1401
1404
1408
1411
1414
1418
1421
1425
1428
1432
1435
1438
1442
1445
1449
1452
1456
1459
1463
1466
1469
1472
1476
1479
1482
1486
1489
1493
1496
1500
1503
1507
1510
1514
1517
1520
1524
1527
1531
1534
-1
1541
1544
1548
1551
1555
1558
1562
1565
1569
1572
1575
1579
1582
1586
1589
1593
1596
1599
1602
1606
1609
1613
1616
1620
1623
1626
1630
1633
1637
1640
1644
1647
1651
1654
1658
1661
1664
1667
1671
1674
1678
1681
1685
1688
1691
1695
1698
1702
1705
1709
1712
1716
1719
1723
1726
1729
1732
1736
1739
1742
1746
1749
1753
1756
1760
1763
1767
1770
1774
1777
1781
1784
1787
1791
1794
1797
1801
1804
1808
1811
1815
1818
1822
1825
1829
1832
1835
1839
1842
1846
1849
1853
1856
1859
1862
1866
1869
1873
1876
1880
1883
1886
1890
1893
1897
1900
1904
1907
1911
1914
1918
1920
-1
1927
1931
1934
1938
1941
1945
1948
1952
1955
1958
1962
1965
1969
1972
1976
1979
1983
1985
1989
1992
1996
1999
2003
2006
2009
2013
2016
2020
2023
2027
2031
2034
2037
2041
2044
2047
2051
2054
2058
2061
2065
2068
2072
2075
2079
2082
2086
2089
2092
2096
2099
2103
2106
2110
-1
2116
2119
2123
2126
2130
2133
2137
2140
2143
2147
2150
2154
2157
2161
2164
2168
2171
2175
2177
2181
2184
2188
2191
2195
2198
2202
2205
2209
2212
2215
2219
2222
2226
2229
2233
2236
2239
2242
2246
2249
2253
2256
2260
2263
2266
2270
2273
2277
2280
2284
2287
2291
2294
2298
2301
2304
2308
2311
2314
2318
2321
2325
2328
2332
2335
2339
2342
2346
2349
2353
2356
2359
2363
2366
2369
2372
2376
2379
2383
2386
2390
2393
2397
2400
2404
2407
2410
2414
2417
2421
2424
2428
2431
2434
2437
2441
2444
2448
2451
2455
2458
2462
2465
2469
2472
2475
2479
2482
2486
2489
2493
2496
2499
2502
2506
2509
2513
2516
2519
2523
2526
2530
2533
2537
2540
2544
2547
2551
2554
-1
2561
2564
2568
2571
-1
2578
2581
2585
2588
2592
2595
2599
2602
2606
2609
2613
2616
2619
2623
2626
2629
2632
2636
2639
2643
2646
2650
2653
2657
2660
2663
2667
2670
2674
2677
2681
2684
2687
2691
2694
2697
2701
2704
2708
2711
2715
2718
2722
2725
2729
2732
2735
2739
2742
2746
2749
2752
2755
2759
2762
2766
2769
2773
2776
2779
2783
2786
2790
2793
2797
2800
2804
2807
2811
2814
2817
2821
2824
2827
2831
2834
2838
2841
2845
2848
2852
2855
2859
2862
2865
2869
2872
2876
2879
2882
2885
2889
2892
2896
2899
2903
2906
2909
2913
2916
2920
2923
2927
2930
2934
2937
2941
2943
2947
2950
2954
2957
2960
2964
2967
2971
2974
2978
2981
2985
2988
2992
2995
2999
3002
3006
3008
3012
3015
3019
3022
3025
3029
3032
3036
3039
3043
3046
3050
3053
3057
3060
3063
3067
3070
3074
3077
3081
3084
3087
3091
3094
3098
3101
3105
3108
3112
3115
3119
3122
3125
3129
3132
3135
3138
3142
3145
3149
3152
3156
3159
3163
3166
3170
3173
3176
3180
3183
3187
3190
3194
3197
3200
3203
3207
3210
3214
3217
3221
3224
3227
3231
3235
3238
3241
3245
3248
3252
3255
3259
3262
3265
3268
3271
3275
3279
3282
3285
3289
3292
3296
3299
3303
3306
3310
3313
3317
3320
3323
3327
3330
3333
3337
3340
3344
3347
3351
3354
3358
3361
3365
3368
3371
3375
3378
3382
3385
3389
3391
3395
3398
3402
3405
3409
3412
3415
3419
3422
3426
3429
3433
3436
3439
3443
3447
3450
3454
3456
3459
3463
3466
3470
3474
3477
3481
3484
3487
3491
3494
3498
3501
3505
3508
3511
3515
3519
3521
3525
3528
3531
3535
3539
3542
3545
3549
3552
-1
3559
3563
3566
3570
3573
3577
3580
3583
3587
3590
3593
3597
3600
3603
3607
3611
3614
3617
3621
-1
3628
3631
3635
3638
3642
3645
3648
3651
3655
3658
3662
3665
3669
3672
3675
3679
3682
3686
3689
3693
3696
3700
3703
3707
3710
3713
3716
3720
3723
3727
3730
3734
3737
3741
3744
3747
3751
3754
3758
3761
3765
3768
3772
3775
3778
3781
3785
3788
3791
3795
-1
3802
3805
3809
3812
3816
3819
3823
3826
3830
3833
3837
3840
3843
3847
3850
3853
3856
3860
3864
3867
3871
3874
3878
3881
3885
3888
3891
3895
3898
3902
3905
3908
3911
3915
3918
3922
3925
3929
3932
3935
3939
3943
3946
3949
3953
3956
3960
3963
3967
3970
3973
3977
3980
3983
3987
3990
3994
3997
4001
4004
4007
4011
4015
4018
4021
4025
4029

