1  -0.002051
2  -0.000293
3  -0.000293
4  0.000586
5  0.000293
6  -0.000293
7  0.002344
8  -0.001465
9  0.000879
10 -0.000293
11 0.002051
12 0.000586
13 0.000879
14 0
15 0.000293
16 0.000293
17 -0.002051
18 -0.000879
19 0.002637
20 -0.000293
21 -0.000293
22 -0.000293
23 -0.001172
24 0.001758
25 -0.000293
26 0.002051
27 0.001758
28 -0.000293
29 -0.000586
30 0.000293
31 0
32 -0.000293
33 0.000586
34 -0.000879
35 -0.002051
36 0.001465
37 0.001172
38 0.000879
39 -0.001758
40 -0.000586
41 -0.000586
42 -0.000879
43 -0.001758
44 -0.000293
45 0.000586
46 -0.002051
47 -0.000293
48 0.000879
49 -0.000879
50 -0.000293
51 -0.000879
52 -0.000586
53 0.002344
54 -0.000586
55 0.001172
56 0
57 -0.001172
58 -0.002344
59 -0.000586
60 0.000293
61 0
62 -0.000293
63 0
64 0.000586
65 -0.001758
66 0.000879
67 0.001172
68 0
69 -0.001465
70 -0.000586
71 -0.000586
72 -0.000293
73 -0.000293
74 0.000293
75 -0.000293
76 0.001465
77 -0.002344
78 -0.001172
79 0.001758
80 0.002344
81 0.001172
82 0.000879
83 -0.000293
84 -0.000586
85 -0.000879
86 -0.000586
87 -0.000879
88 0
89 0.000586
90 -0.001465
91 0.000879
92 -0.000293
93 0.001465
94 0
95 -0.000293
96 -0.000879
97 -0.001758
98 0.000586
99 -0.000293
100 -0.000293
101 0
102 -0.002344
103 0
104 0.000293
105 -0.001172
106 0.000586
107 0.002637
108 -0.001172
109 0.000879
110 -0.001465
111 0.000586
112 -0.000879
113 -0.001172
114 -0.000879
115 -0.001465
116 0.001465
117 0.001465
118 -0.001172
119 0.001758
120 -0.000586
121 0
122 -0.001172
123 -0.000293
124 -0.000293
125 0
126 0.001465
127 -0.001172
128 0.001758
129 0
130 -0.000293
131 -0.001172
132 -0.002051
133 0.002051
134 0.001465
135 -0.001465
136 -0.000879
137 0.001172
138 0.000879
139 -0.002344
140 0.000293
141 0.000293
142 -0.000293
143 -0.001465
144 -0.000879
145 0.001758
146 0.000879
147 0.000586
148 0.000879
149 -0.000293
150 0.002051
151 0.000293
152 0.000293
153 0.000586
154 0.000879
155 -0.000879
156 -0.000293
157 -0.002051
158 -0.001172
159 -0.000293
160 0
161 0.002051
162 -0.001172
163 0.001758
164 0.001172
165 0.000293
166 -0.001172
167 -0.001172
168 0.000586
169 -0.002637
170 0.001172
171 0.001172
172 0.000293
173 -0.001172
174 0.000586
175 0
176 -0.000293
177 -0.001758
178 -0.000879
179 0.000293
180 -0.001465
181 -0.001465
182 -0.003223
183 -0.000879
184 0.000586
185 -0.000293
186 0.000293
187 0.000293
188 0.001172
189 0.000293
190 0
191 0
192 0.001172
193 0.000586
194 -0.000293
195 -0.002051
196 0.001465
197 -0.001172
198 0.001465
199 -0.000879
200 -0.001465
201 0.000879
202 -0.001172
203 0.000879
204 -0.001172
205 -0.000879
206 0
207 0.001465
208 -0.000293
209 -0.000586
210 -0.000879
211 0.000879
212 0.000879
213 0
214 -0.000586
215 0.000293
216 0
217 -0.001465
218 0.000586
219 0.000879
220 0
221 0.001465
222 -0.000293
223 -0.000586
224 0
225 -0.000586
226 -0.00293
227 0.002344
228 -0.000293
229 0.001758
230 0.000586
231 -0.000293
232 -0.001172
233 -0.000293
234 -0.001172
235 0.000293
236 0.000879
237 0.000879
238 0
239 -0.002051
240 0
241 0.000586
242 -0.000586
243 0.002344
244 0
245 -0.000293
246 0.002637
247 -0.000879
248 0.001465
249 0.000293
250 -0.001465
251 -0.000586
252 0
253 0.002051
254 -0.000879
255 -0.000293
256 -0.000586
257 0
258 0
259 0
260 -0.000586
261 -0.000879
262 -0.000293
263 0.000293
264 0.001172
265 -0.000586
266 -0.001465
267 -0.000586
268 -0.002051
269 0.000293
270 -0.000293
271 0.000586
272 0.000293
273 -0.000293
274 0.000293
275 -0.000293
276 0.002051
277 0
278 0
279 0.000293
280 -0.000293
281 -0.002344
282 0
283 0
284 0
285 -0.002344
286 -0.000293
287 0.001172
288 -0.000293
289 -0.000586
290 -0.002344
291 -0.000879
292 0.000879
293 -0.000293
294 -0.000293
295 -0.000879
296 0
297 -0.000293
298 -0.001172
299 -0.001172
300 0.000879

